===============================================================================
Step Feature         X/R Location Y/A Location  Z Location        Size  Refer.  
===============================================================================
1  Point             +001.71464   -000.60522  +000.39454             
2  Point             +001.71518   -001.96414  +000.01651             
3  Math                                                   +000.37803 
4  Point             +011.25012   -000.89346  +000.39548             
5  Point             +011.25059   -002.08188  +000.00346             
6  Math                                                   +000.39203 
7  Point             +020.64748   -000.73268  +000.39163             
8  Point             +020.64799   -001.98910  +000.00260             
9  Math                                                   +000.38903 
10 Point             +030.54492   -000.75807  +000.38666             
11 Point             +030.54535   -001.84550  +000.00113             
12 Math                                                   +000.38553 
13 Point             +040.45587   -000.81550  +000.38438             
14 Point             +040.45630   -001.89493  -000.00565             
15 Math                                                   +000.39003 
16 Point             +049.87491   -000.83187  +000.37592             
17 Point             +049.87536   -001.93580  -000.00761             
18 Math                                                   +000.38353 
19 Point             +059.75301   -000.94912  +000.37467             
20 Point             +059.75341   -001.93755  -000.00686             
21 Math                                                   +000.38152 
22 Point             +069.09357   -000.94208  +000.37287             
23 Point             +069.09519   -002.47949  -000.01566             
24 Math                                                   +000.38852 
25 Point             +079.13631   -000.72020  +000.36592             
26 Point             +079.13681   -001.97862  -000.03310             
27 Math                                                   +000.39902 
28 Point             +088.57598   -000.88048  +000.36469             
29 Point             +088.57639   -001.90492  -000.04034             
30 Math                                                   +000.40502 
